chi1=178.53848
chi2=-111.46162
chi3=13.49871