chi1=-63.76922
chi2=-84.38538
chi3=-40.80490