chi1=56.42240
chi2=-163.24905
chi3=109.61878
chi4=-161.05122