chi1=68.54353
chi2=-84.97645
chi3=-78.86670
chi4=-13.82003
chi5=-58.06874
chi6=160.59968