chi1=58.77040
chi2=-157.27024
chi3=-48.09723
chi4=92.38053
chi5=-52.52258
