chi1=61.37514
chi2=-156.06857
chi3=87.63556
chi4=7.71624