chi1=-80.23364
chi2=-36.86575
chi3=174.14712