chi1=-77.58882
chi2=122.77697
chi3=51.78797