chi1=-67.11355
chi2=-81.21273
chi3=-164.17754
chi4=-161.79601
chi5=66.41426
