chi1=-53.17559
chi2=96.85164
chi3=168.38502