chi1=64.64136
chi2=-129.96667
chi3=81.56942