chi1=-172.66597
chi2=-164.09048
chi3=162.96238
chi4=-60.99701
chi5=178.26304