chi1=-58.14502
chi2=69.29475
