chi1=177.78194
chi2=-162.21402
chi3=81.53599