chi1=54.27105
chi2=-167.49890
chi3=50.08430
chi4=83.86789
chi5=-51.83632