chi1=162.22191
chi2=174.46074
chi3=-170.65993
chi4=-158.20726
chi5=-164.70316
chi6=-178.99528