chi1=-69.41267
chi2=99.50654
chi3=166.04933