chi1=-45.42125
chi2=119.38096