chi1=-174.80174
chi2=131.54327
chi3=-53.51432